kinematics:
  shoulder:
    x: 0
    y: 0
    z: 0.1517714132603117
    roll: -0
    pitch: 0
    yaw: 3.464277086681622e-05
  upper_arm:
    x: 3.802413991538405e-05
    y: 0
    z: 0
    roll: 1.571658951696955
    pitch: 0
    yaw: -1.523283892607295e-05
  forearm:
    x: -0.2434210950678359
    y: 0
    z: 0
    roll: 3.133871652684047
    pitch: -3.139760117820712
    yaw: -3.141581452938084
  wrist_1:
    x: -0.2132075606096931
    y: 0.0001859917257259366
    z: 0.1122333084946373
    roll: 3.139935466806658
    pitch: -3.14151018801484
    yaw: 3.14157973766739
  wrist_2:
    x: -5.620600347456881e-05
    y: -0.08541850543175535
    z: -0.0002183893967905209
    roll: 1.573353020099693
    pitch: 0
    yaw: 6.721879279404999e-05
  wrist_3:
    x: 3.904667291685437e-06
    y: 0.08252020861309736
    z: -8.454974942570377e-05
    roll: 1.569771732683222
    pitch: 3.141592653589793
    yaw: 3.141548068228124
  hash: calib_16439164662657352694